10 0
20 0
30 0
40 0
50 0
60 0
70 0
80 0
90 0
100 0
110 0
120 0
130 0
140 645655
150 614583
160 617597
170 612104
180 606612
190 601453
200 609889
210 605056
220 607572
230 603682
240 601216
250 600569
260 603016
270 600283
280 601875
290 603937
300 601520
310 601206
320 602725
330 601711
340 600459
350 602332
360 601552
370 600522
380 600902
390 603659
400 603643
410 602454
420 602355
430 602752
440 603328
450 601422
460 600327
470 601056
480 602486
490 602847
500 603128
510 603294
520 602647
530 602571
540 601599
550 601197
560 601797
570 601082
580 602743
590 601260
600 600507
610 600214
620 600244
630 600434
640 600743
650 600901
660 602114
670 601498
680 604535
690 601268
700 602059
710 600531
720 600000
730 600369
740 602146
750 600065
760 600000
770 600856
780 600753
790 600114
800 600000
810 602550
820 603616
830 602247
840 601659
850 601095
860 601240
870 600122
880 601152
890 602136
900 601097
910 601005
920 600050
930 600380
940 600729
950 602213
960 600314
970 601214
980 600981
990 601696
1000 601681
