10 0
20 0
30 0
40 0
50 0
60 0
70 0
80 541378
90 0
100 494453
110 480001
120 484176
130 489022
140 480459
150 482592
160 482720
170 482345
180 481965
190 481566
200 480396
210 480001
220 481373
230 480006
240 480050
250 480133
260 482579
270 480131
280 480020
290 480000
300 481254
310 480093
320 480063
330 482084
340 480001
350 480758
360 480308
370 480000
380 480001
390 480777
400 480003
410 480000
420 481332
430 480008
440 481009
450 480004
460 480061
470 480137
480 480000
490 481318
500 480004
510 480039
520 480000
530 480069
540 481009
550 480000
560 480001
570 480324
