10 0
20 0
30 0
40 0
50 0
60 0
70 0
80 699858
90 646042
100 606397
110 601952
120 602387
130 602828
140 601838
150 604468
160 600779
170 603380
180 601214
190 600640
200 601399
210 603563
220 602896
230 600000
240 601418
250 601594
260 600633
270 602316
280 603711
290 600858
300 602625
310 600199
320 600466
330 600001
340 600141
350 600292
360 602304
370 602123
380 600056
390 600000
400 600248
410 601835
420 603155
430 600203
440 600001
450 600583
460 600001
470 601641
480 600000
490 600406
500 601876
510 602315
520 601220
530 601234
540 601666
550 601590
560 600060
570 600952
580 600620
590 600232
600 601121
610 602997
620 602455
630 600887
640 600001
650 600059
660 600714
670 600394
680 600465
690 601418
700 602015
710 600154
720 600831
730 601333
740 601553
750 600333
760 602286
770 602484
780 600314
790 600070
800 600202
810 600263
820 602212
830 603160
840 600336
850 600000
860 600062
870 601967
880 600213
890 601364
900 600617
910 602027
920 601215
930 600106
940 601187
950 600001
960 601099
970 601738
980 601628
990 600000
1000 600823
