10 120000
20 120000
30 120000
40 120000
50 120000
60 120000
70 120000
80 120000
90 120000
100 120000
110 120000
120 120000
130 120000
140 120000
150 120000
160 120000
170 120000
180 120000
190 120000
200 120000
210 120000
220 120000
230 120000
240 120000
250 120000
260 120000
270 120000
280 120000
290 120000
300 120000
310 120000
320 120000
330 120000
340 120000
350 120000
360 120000
370 120000
380 120000
390 120000
400 120000
410 120000
420 120000
430 120000
440 120000
450 120000
460 120000
470 120000
480 120000
490 120000
500 120000
510 120000
520 120000
530 120000
540 120000
550 120000
560 120000
570 120000
580 120000
590 120000
600 120000
610 120000
620 120000
630 120000
640 120000
650 120000
660 120000
670 120000
680 120000
690 120000
700 120000
710 120000
720 120000
730 120000
740 120000
750 120000
760 120001
770 120000
780 120000
790 120000
800 120000
810 120000
820 120000
830 120000
840 120000
850 120000
860 120000
870 120000
880 120000
890 120000
900 120000
910 120000
920 120000
930 120000
940 120000
950 120000
960 120000
970 120000
980 120000
990 120000
1000 120000
